id,number,GCaMP,age,cohort,monitoring_frame_range,sex,GCaMP_modularity_whole,GCaMP_modularity_segment_0/20,GCaMP_modularity_segment_1/20,GCaMP_modularity_segment_2/20,GCaMP_modularity_segment_3/20,GCaMP_modularity_segment_4/20,GCaMP_modularity_segment_5/20,GCaMP_modularity_segment_6/20,GCaMP_modularity_segment_7/20,GCaMP_modularity_segment_8/20,GCaMP_modularity_segment_9/20,GCaMP_modularity_segment_10/20,GCaMP_modularity_segment_11/20,GCaMP_modularity_segment_12/20,GCaMP_modularity_segment_13/20,GCaMP_modularity_segment_14/20,GCaMP_modularity_segment_15/20,GCaMP_modularity_segment_16/20,GCaMP_modularity_segment_17/20,GCaMP_modularity_segment_18/20,GCaMP_modularity_segment_19/20,dHbT_modularity_whole,dHbT_modularity_segment_0/20,dHbT_modularity_segment_1/20,dHbT_modularity_segment_2/20,dHbT_modularity_segment_3/20,dHbT_modularity_segment_4/20,dHbT_modularity_segment_5/20,dHbT_modularity_segment_6/20,dHbT_modularity_segment_7/20,dHbT_modularity_segment_8/20,dHbT_modularity_segment_9/20,dHbT_modularity_segment_10/20,dHbT_modularity_segment_11/20,dHbT_modularity_segment_12/20,dHbT_modularity_segment_13/20,dHbT_modularity_segment_14/20,dHbT_modularity_segment_15/20,dHbT_modularity_segment_16/20,dHbT_modularity_segment_17/20,dHbT_modularity_segment_18/20,dHbT_modularity_segment_19/20,GCaMP_modularity_segment_0/2,GCaMP_modularity_segment_1/2,dHbT_modularity_segment_0/2,dHbT_modularity_segment_1/2
M308-8_v1,308,False,8,2,"(88, 7378)",F,0.049777917868356746,0.0190226963062012,0.0769182082644217,0.1218034437400729,0.1659925803086347,0.0922437603194601,0.045176068341853,0.0558872880821526,0.0462308158200734,0.0575222185756499,0.0492956629270034,0.0456196870549701,0.0754971276279032,0.1031497730961149,0.091415426551364,0.1077360220600844,0.1854675781862816,0.1542512336197749,0.2166593242657966,0.3194247379317773,0.5706076597263365,0.06645772023483759,0.0328992074622717,0.105886638247798,0.1128626243059335,0.0869442854979669,0.0689405805589573,0.0619282033567669,0.0483388433870099,0.0569334552853544,0.0672569736990148,0.050993836868838,0.0494984961156989,0.0512842488742719,0.0763206658933632,0.0531241393925132,0.0661878589737494,0.0895133566246266,0.0857887469982341,0.0701046555017227,0.047028448327304,0.0709336919906162,0.047326088434303415,0.09138460838306825,0.0670876503037224,0.063419308023239
M308-10_v1,308,False,10,2,"(111, 7328)",F,0.04264242211814069,0.028247681718614,0.0535580962657179,0.0725010224696637,0.0459357950013301,0.059496713828078,0.0491000276276922,0.0345435327335388,0.0398462077551761,0.0593143665767828,0.0910409006737859,0.0501545391426842,0.0608033818252249,0.0578365667629626,0.0635915862063944,0.1260857596619549,0.1529779500003187,0.1620874331600498,0.2380539523222644,0.4229529994961256,0.4318132960535725,0.1937143510160505,0.1604240209374868,0.4978358268106234,0.1700210948034593,0.134237005551091,0.2221348106676861,0.1829700173694181,0.1171612762683693,0.1269562903983143,0.1771801244663777,0.1520484260775758,0.1749171368413361,0.1207486044410423,0.134548551093226,0.0948943494121452,0.0993886760030755,0.1752243805463761,0.1443511143112489,0.1168808280509243,0.1181989117681414,0.0866286624182141,0.039167681412553224,0.08935001299400193,0.2314946906930699,0.12661982617030743
M308-12_v1,308,False,12,2,"(135, 7630)",F,0.024741592041072086,0.0151634764500798,0.0231504835199294,0.0130515171148552,0.0270808023104437,0.0252645563982939,0.0350572930876361,0.0323349091686006,0.0288671767856592,0.0479868476295873,0.0706607105825347,0.0710715107507689,0.0867612843414031,0.0959533330041165,0.0865394657216988,0.1191763240447788,0.1114419050487627,0.1947034675161605,0.2794154267310426,0.2250628925159625,0.486468592769724,0.06014585939625685,0.2110387023412397,0.0563587134723162,0.0575616352722459,0.1157792743009583,0.0651904623250237,0.0570428400884328,0.0787571455460134,0.0745829798641546,0.0524827224611061,0.0643730241171185,0.0519819082454862,0.0583313150716008,0.038636665911018,0.0417634349076717,0.0543806499399277,0.0614427278869238,0.0484151620688771,0.0476283402358899,0.0273978130128939,0.0323023972913901,0.01973627213277993,0.09792063529555474,0.08485163288400063,0.04346575626618331
M308-14_v1,308,False,14,2,"(107, 7269)",F,0.0551803912495526,0.0525958462662872,0.0350495586257706,0.0405547373775325,0.0620268664122581,0.0434220267260827,0.0539571068983473,0.0742785845838661,0.0694855446499742,0.0873034332445054,0.0713726641943017,0.1122535965178497,0.0889053696322633,0.1035148831223518,0.1540485909412968,0.1437136068067887,0.1786984137305062,0.3151445338826951,0.4230028717530143,0.4728612467148993,0.5617485040206981,0.22048255800529978,0.295539397136722,0.2978483665841288,0.2452744338420719,0.2832849593692749,0.1709871128896677,0.1963640300880445,0.3127715658547885,0.14677848593999,0.1518712062546806,0.1341303735618454,0.2176126356681864,0.1412014369341939,0.1400147415389566,0.2346527016035142,0.1955115033688268,0.1691274496853999,0.198224185081602,0.198154246689867,0.1606750713403503,0.1592682476078414,0.051206063209830795,0.1448536954282936,0.24782739941977974,0.17764995609731293
M316-8_v1,316,True,8,3,"(83, 7579)",F,0.012736007345948964,0.0109311316407668,0.016044538516921,0.0148639472944378,0.0172106200868908,0.0075110636386626,0.0128093746049089,0.0178502079190605,0.0180267584938012,0.0247910291767889,0.0249268823894143,0.0376947809573269,0.0390539521798492,0.0472225613837139,0.048804419274475,0.0547248522303426,0.094805258230212,0.0805098538334216,0.0916833048981102,0.1361510823960516,0.3258034145158188,0.015447864131993564,0.0217066149096326,0.0126947259782962,0.0144882726325798,0.0193661499295138,0.0081527737580984,0.0067551525584576,0.007808763677925,0.0120205623720443,0.0093040726492726,0.0116181706150847,0.0087255844961767,0.0169637413680998,0.0132868295458314,0.0127183961617031,0.0181614772846822,0.0211159725401673,0.0181424611253939,0.0152111844364366,0.0095409619435084,0.0277881125022257,0.010571059072341656,0.052847348232797395,0.014134301601266372,0.015079454206265035
M316-10_v1,316,True,10,3,"(104, 7207)",F,0.05973577280625984,0.0216918372916008,0.0853745232902437,0.0754268557385671,0.0996033028246093,0.0792328720253624,0.1238943870363683,0.132506026166473,0.1778699440605184,0.1168178641867727,0.1216063097091412,0.1284617859501022,0.208900147856145,0.1492858315549116,0.2125067995591117,0.1654622756980167,0.2471008561337923,0.1951595543284343,0.3076389191136323,0.3926933903896497,0.527839751778294,0.07902703608056832,0.0490218638568178,0.0506517016276312,0.0429211986808709,0.0957404629730057,0.0628845173640553,0.0896073159719688,0.0760120377665965,0.0435317817382514,0.0844046940442268,0.0694601139278398,0.0868547235141204,0.0932177793345338,0.096939701792088,0.08091468367968,0.0935891562922651,0.0881737586837834,0.1165155822012205,0.0818636127138675,0.1174404968839531,0.2005077843428455,0.05036210543535605,0.18282753805208207,0.071963366212905,0.08886637335452373
M316-12_v1,316,True,12,3,"(94, 7392)",F,0.02503075896800548,0.0094970628904824,0.0708314721444318,0.03998776784202,0.0572392128409509,0.0559938143188903,0.0440734744183973,0.0659015997000806,0.060403764552475,0.0703666675142034,0.0814695669591019,0.0872943653303378,0.0973069254761757,0.1425107196409988,0.1712249927778597,0.1731939653630724,0.1902661384454113,0.2525722787532333,0.2917160048535944,0.3694061375727413,0.6723971706896283,0.045519404591895414,0.0388718968252249,0.0506890200993447,0.0443501847552829,0.0411394835469264,0.0347818952225109,0.028076600186555,0.0572224785256651,0.0322339299396827,0.038951006778589,0.0360180900065017,0.0391617004327097,0.0589104013384867,0.0371953865813357,0.0412171679299635,0.0703665811120782,0.0569592261977656,0.0591578148669656,0.0388104211452857,0.045995311456169,0.0657967827386359,0.021103940414874983,0.1365642209997912,0.04752435862550222,0.048976439376136875
M322-6_v1,322,True,6,3,"(140, 7572)",M,0.01886461133433015,0.0046413063665362,0.0141349625641219,0.0395748826554814,0.0591110084203796,0.0422012267000647,0.0458696883104572,0.0573254942313354,0.0778283997755008,0.0794306812834061,0.098141928636885,0.1049925231910918,0.1076718357975486,0.1684127508062769,0.1498419087787478,0.1306813035157628,0.1930582718890017,0.2366240337286104,0.2191537432738235,0.2446907215518918,0.4178961812560767,0.024807392331684334,0.0149489438133715,0.0341588761240595,0.0245732337860462,0.0457949576589171,0.047611564620573,0.0375568555694519,0.0317301657210535,0.0318495720115998,0.0286522396885446,0.0406400840358121,0.0369465334697405,0.029052842933904,0.0353595683173565,0.0351571655576097,0.0306812541828678,0.0288818790835422,0.020139215411771,0.0113727445502869,0.0116981451044793,0.008287780477529,0.014318204293325998,0.13896279323606966,0.025122231019738296,0.021529923706150624
M322-8_v1,322,True,8,3,"(83, 7594)",M,0.024233732457448077,0.0051924665362615,0.01414529660823,0.0558550932293083,0.0824702506148611,0.0897761189038053,0.0752702882947466,0.0582700754185283,0.04757885064232,0.0389530573183328,0.0632845700796232,0.0364513280961361,0.0450581409941911,0.0813525439031051,0.1161280715126129,0.1065597000050294,0.1599832056211999,0.1998360618796116,0.2695710073313891,0.2743806631915992,0.4837460816586005,0.035125708035331216,0.0177506590454466,0.0536713787919115,0.0319670185626699,0.0363625762250507,0.0383400936691706,0.0392362578890886,0.0398697328243053,0.0448805665913745,0.0570119020366572,0.0405077128109815,0.043935273114313,0.0376811492180135,0.0299071880748547,0.0145977690708826,0.021276140918156,0.0231450199708271,0.033202739189111,0.0322327855428766,0.0226766950231355,0.0356105220449435,0.020630160195433202,0.07556378007680403,0.0371292980218838,0.027508456891374468
M322-10_v1,322,True,10,3,"(45, 7308)",M,0.028019173308651276,0.0117912636212899,0.0200159887746096,0.0350963067423956,0.0421602161535404,0.0567436512031185,0.0416972807447748,0.0710504607172212,0.0651844402761683,0.1051376175248437,0.0607759159430215,0.0724466756181845,0.0547621422803308,0.0711766889080024,0.125424811088549,0.1024130303709593,0.1188564856764399,0.1670054898123756,0.205806846543777,0.2495856966439357,0.3308026207593087,0.03362507349128347,0.0371003539363306,0.0547517964327968,0.0421145902869843,0.033074182285551,0.0301910750137811,0.0252357294688313,0.0251549103808933,0.0461559464323689,0.0370245085436425,0.0388805207645319,0.0169869887913741,0.0188165472168979,0.017522261846353,0.0257107964470332,0.0161312003498157,0.0281213746628904,0.0188740494558909,0.0185981396598372,0.0232972817354441,0.0161702914693685,0.02297720613455375,0.08968475702898228,0.03884788352643902,0.01933700634825349
M322-12_v1,322,True,12,3,"(182, 7577)",M,0.03557954480145213,0.0080034950801364,0.0227859455292476,0.0255412790992256,0.0495910538418067,0.0639164281316714,0.0965725005846337,0.0708557351851223,0.1451179925037081,0.1442738924326267,0.1371152225864715,0.1678494298064006,0.1828251157783869,0.1878370668586625,0.1636224600323242,0.2339428689541241,0.2546683721185566,0.3359297656732435,0.4695649293455353,0.2925012564493696,0.3579527411072855,0.07163922516233504,0.0543022396150611,0.103766484894827,0.076382671228547,0.0611317545519795,0.1024196553653873,0.0679822005607052,0.0597514964326685,0.0600274411145123,0.0688006911613854,0.0295475615318274,0.06878625847877,0.0456316084798423,0.0498321280942125,0.0783587837578715,0.0528005477093063,0.0421776398033178,0.0397954669049928,0.0653491875769853,0.0492369038062581,0.056154781163065,0.025424087806969923,0.2033958059077052,0.08780136552854038,0.05599224476054473
M353-6_v1,353,True,6,5,"(97, 7497)",M,0.028807509267633646,0.0129789500017257,0.0181696247083528,0.0241579987186221,0.0382620227906617,0.04250977502486,0.0266213769807408,0.0538233037076108,0.0449975386152089,0.0455279782574585,0.0767987256676381,0.0664302800524118,0.1221724471278406,0.1104277129714853,0.1317068001467075,0.1653658843352559,0.1815477351869306,0.2446974615198824,0.3105795027248839,0.3767037172963896,0.7330120159695076,0.06998307176431391,0.0824579739508974,0.0573368448741001,0.0336075633517645,0.0405837809040736,0.0652466986158065,0.0455161507186532,0.0531507628478158,0.0608826439207598,0.056402093399984,0.0517073531400935,0.04790094792807,0.0634653338169231,0.0455219863520984,0.0710918652808384,0.0544001227828364,0.0591796340072276,0.0602334822889316,0.0451541723859429,0.0499404276474214,0.0514989026430456,0.02476264614185188,0.12178598957150549,0.07521396327341953,0.05358231969625509
M353-8_v1,353,True,8,5,"(109, 7400)",M,0.02528209826713218,0.0188145788361177,0.0596780947973733,0.0667386832142701,0.0280894820428884,0.0295887449422745,0.0213968094829281,0.0455499202722904,0.031255966229564,0.0480893722073617,0.0550043689971089,0.0654452261333092,0.0848694549646137,0.0842610603741736,0.0740714007564739,0.1249968028371347,0.1577958044098578,0.1467486699572131,0.2346941791684632,0.2558635343140548,0.7390497872555457,0.041097629167207064,0.0535759538310463,0.0927921871157071,0.0608823990757335,0.0450115891359531,0.0289485273613414,0.0329840217633749,0.0213645312090502,0.033088414289193,0.0248813720053133,0.0336094602057869,0.0314598541194708,0.0241563088405866,0.0204478409445902,0.0376094665835944,0.0418005881776142,0.0339356236543699,0.0308388622682809,0.0267678760841992,0.0244272932677646,0.0228849080235124,0.021997783531778507,0.10083072183653577,0.048884370581643286,0.027814191320352268
M353-10_v1,353,True,10,5,"(113, 7428)",M,0.020794393962672218,0.0071283099677307,0.0210408855538808,0.0554546911578107,0.0663705434940467,0.0756555365809327,0.0905936657055184,0.0521135333882413,0.0405976164122904,0.0766187156184628,0.0489328999791148,0.0866955299390803,0.0988908053642855,0.1393890860914601,0.1149212117301676,0.1829095037076705,0.1456061308049107,0.2564430939512395,0.2754554085781391,0.3693088702252721,0.3520552406642614,0.11367809452957789,0.0861406923980284,0.2731724072667997,0.1155780303273678,0.1078354784370392,0.0566344558722877,0.0774201038748465,0.0812379655611118,0.1088098279638767,0.135783482385564,0.1334164964654749,0.1078942941414153,0.0799335069889321,0.139301866608636,0.1368929672447771,0.1603036701133712,0.1674032927122339,0.1366604868536184,0.1639414647748976,0.231886192440556,0.170539654692668,0.01747539860744278,0.13537698150764033,0.11435968451958188,0.13921253049545684
M361-6_v1,361,True,6,5,"(108, 7428)",F,0.023185493420733526,0.0078203181842711,0.0172667499200723,0.0559252545450615,0.0700486799283499,0.0431446562051615,0.0544592946780463,0.0689423641312373,0.0748452240234866,0.0544168975114552,0.1094034727377249,0.1130349670330962,0.1131219119236039,0.1474175745514291,0.100908513079091,0.1760853116745735,0.1540968695198795,0.1830217746657706,0.2421270537875285,0.2060958016044022,0.3856777090094322,0.068753310071532,0.0232155264349152,0.0998614944872529,0.0684382614825144,0.0814400820411577,0.0718669719917672,0.0761376033120109,0.0940461752904681,0.0992494830857898,0.0865205241969193,0.0851669226867305,0.0969554542023382,0.0549826534727063,0.0586064435221638,0.1023595068531161,0.0612612000574056,0.0873909854275205,0.0911275586707088,0.075702879638775,0.0544067534995726,0.0551655956647188,0.018634829589578798,0.13299135616248986,0.06660299095194404,0.07252708984652996
M365-6_v1,365,True,6,6,"(87, 7428)",F,0.0657126294536901,0.0305652458119208,0.044706215894129,0.1023518942696297,0.062219906736613,0.0907276028468346,0.13317045043959,0.1084401920900387,0.1107836881885152,0.0980301520388924,0.1024175328204085,0.1183788176181113,0.143980909655862,0.1237877455795094,0.0990007381385213,0.1625172397709754,0.2362906137223963,0.2021316991689936,0.2104029355377582,0.3853657915806217,0.448785867603361,0.10496168192643221,0.6756647462158526,0.2285371010871367,0.1189688089007216,0.0771318633589091,0.0901332670496568,0.0882646207346403,0.0878893881617918,0.0780164563908378,0.083074032816658,0.0785298563931017,0.0567947173691321,0.0743005062870738,0.0663499285429606,0.0636436781102569,0.0667467995337056,0.0697160676001753,0.0462927875749163,0.0524941864587846,0.0539061432171895,0.078100630121145,0.0574368032222194,0.14283751267361514,0.14989488977852344,0.05928463786929397
M367-6_v1,367,True,6,6,"(162, 7529)",F,0.019344143713863993,0.0160829858500021,0.0173950650605153,0.0171990735976548,0.0141161641040464,0.011903484772796,0.0134871609297047,0.0212504601431017,0.0278175985219718,0.0193834906934043,0.0288614701933349,0.0359174701797293,0.0572170186891619,0.0721527799094442,0.0728426499370125,0.1683267151361825,0.1776687397144532,0.2151311935833935,0.228339111361288,0.3361335687950385,0.2784976766525326,0.06554107533215557,0.0626986216825058,0.0577321946091598,0.0417973696697944,0.0526209072874672,0.0654004219897717,0.0562173584650031,0.0467358743848671,0.0810794509328187,0.0689963193403334,0.0966490528534643,0.0827641125147957,0.0995707255248728,0.0831782331764111,0.1315421274994347,0.098589338748182,0.1434613108746238,0.0752899618376656,0.092951237776454,0.1015821803263434,0.0629498082447798,0.014604390576098534,0.08503440903849818,0.055762209441385636,0.09413259057326066
M374-6_v1,374,True,6,6,"(72, 7417)",M,0.04210101017076049,0.0143363548459791,0.0185876685813682,0.124456555547327,0.1048946103952668,0.1258739627252921,0.1432673854854358,0.1157478417330038,0.1172610874224236,0.1158073858034389,0.0925666483295052,0.0768120861418652,0.0988538023962083,0.0964019330004378,0.1080289633444017,0.1621009176029104,0.1349582427920909,0.0951723382172368,0.1963023977463401,0.2089674969788019,0.2413318602582765,0.03361972347685836,0.0386744963910543,0.0533120866940953,0.0670145723041651,0.0205212759602992,0.026418474344805,0.0194428152439817,0.025981442507966,0.0186126261941946,0.0276754524486497,0.029156519918376,0.0278153848920296,0.028275920879331,0.036829141659368,0.0311540237068672,0.0380585427895836,0.0407606311462285,0.0302339533818606,0.0300663535786738,0.0370719355089357,0.0269661827755705,0.03465232298319715,0.10603924889550997,0.036391634883246905,0.031017879822420154
M374-8_v1,374,True,8,6,"(68, 7125)",M,0.029382375922497952,0.0067833113110717,0.0391551656501103,0.128600601763832,0.1054970633461571,0.0319202640209482,0.0270170689390119,0.0296549383798431,0.0421420860662058,0.0501361723004772,0.0385985512875605,0.0908245137161983,0.0582871779844279,0.0822595988079833,0.0714467566676611,0.0972428211319452,0.1120454638491721,0.101869533786374,0.1615228963411149,0.2082075804692852,0.3042973701905596,0.08030517362909405,0.0326904427859516,0.0908468209259313,0.1796855711146962,0.0690875004154576,0.1545799153416109,0.1846690529854054,0.1527571176901984,0.1455292818933262,0.1302903035129997,0.0792367720458381,0.1384779439284151,0.1280609883349756,0.0915387109891696,0.1296931964518488,0.1076982183919603,0.1823665059500803,0.1231187129450589,0.1421723756861679,0.1048575156693098,0.0998717080614881,0.026074982723003935,0.09014895217907931,0.07362586459531509,0.11613146044917308
M374-10_v1,374,True,10,6,"(68, 7649)",M,0.05415268509210829,0.0232658377187281,0.0529711707941506,0.081335093320898,0.0802957279914254,0.0995570217915244,0.1066222975163266,0.1067589149080758,0.1245413979020954,0.1107754632560678,0.1039642264863295,0.0972519377403832,0.1267785591589055,0.0895467900150678,0.1072460148967962,0.1349008871400732,0.1745405146688367,0.2417944501111261,0.2184688426435446,0.2002111042914148,0.2744735556645974,0.13065217634485543,0.1067918811859895,0.2832383145191554,0.3383854239970317,0.0965838361032328,0.0693189619530377,0.1223037884012407,0.0581245981240892,0.0829277777437558,0.0943256503451722,0.1163776482353562,0.0893942569495912,0.1044402973585101,0.1509851705103348,0.1601650945454432,0.1436042326340534,0.1528331594831217,0.1123465070375498,0.1490934814565323,0.0990950282810604,0.1953764485212097,0.0477042085082296,0.133351341824086,0.13194759126402741,0.13192363498905943
M387-6_v1,387,True,6,7,"(90, 7540)",M,0.03751013507157564,0.0249719375458777,0.0302008259740978,0.0941355006576688,0.0920025421795445,0.1131369637681919,0.0943052794202425,0.0590371778292315,0.0465474789892332,0.0624742379991446,0.0655917457992921,0.1051967867816565,0.1080413234849653,0.081246306336203,0.0924839470656717,0.1333959903478885,0.1286515767905468,0.1071637067735322,0.1462707947118684,0.2716775398655441,0.3326849088801724,0.03577299690148885,0.0528764964419388,0.0355484811910448,0.0223894633182393,0.0183451064693282,0.0265846835858848,0.0267789418681359,0.0233881757621981,0.0211032697631349,0.0329321252021007,0.0223608745688968,0.0352242832894377,0.0440505234807383,0.0324992815552131,0.0227637671802472,0.0176259533002413,0.0321740462467163,0.0233846811580917,0.022979843050395,0.0254380539913493,0.0198784368875728,0.03347100335052924,0.10440321792129298,0.03879488947573615,0.028863536679651552
M387-10_v1,387,True,10,7,"(117, 7462)",M,0.034804230326678356,0.0152133598774749,0.0423748222704513,0.0790161368750314,0.0532855666322632,0.0741024886687854,0.0902337863909625,0.0690055444894053,0.0638114132731081,0.1249425071399977,0.1347720120146519,0.1145402696419333,0.1460759230300457,0.1371109788261635,0.1565538552368369,0.1582903341708594,0.1780714613159801,0.1203289519994338,0.1733985800722886,0.2371806254490035,0.5020414598753453,0.10456800833331442,0.5344388481693898,0.0578139794709404,0.0574131757851145,0.0303895965419052,0.1140753498979752,0.0512185513994855,0.0982824951258947,0.0561586311288961,0.0880552902182564,0.131004232655412,0.1255274237784738,0.0648748227464964,0.0650606241544609,0.0590115846811522,0.1004364176819285,0.0610263236211527,0.0449111391073165,0.0528449908871171,0.0414447492219404,0.0371568667985436,0.03081777474746673,0.13471829505506355,0.12792083516417413,0.061885558059380154
M396-6_v1,396,True,6,7,"(89, 7528)",F,0.03404625159376811,0.0149785032789552,0.0272758805776968,0.0306560604300652,0.0865912430354875,0.0766701098710745,0.0633878705770431,0.075601926894345,0.0618349171978329,0.0548574895333375,0.0691349454052223,0.0630012918924737,0.0548685304723121,0.0587623947717197,0.1522558743068038,0.0727884646328304,0.1424411945663113,0.1751258065693167,0.1861470054327867,0.2628845486744806,0.3360464265991744,0.10066698116079459,0.2434396478558056,0.1449249740192923,0.1459545899329593,0.1121352238594123,0.0549156954129415,0.061271596273073,0.0724842505820863,0.0655496247669895,0.0721357235231469,0.0967792861888675,0.0883678844359391,0.0884987812408241,0.0603019464909264,0.0732429092232351,0.0670834899260749,0.0530158015760649,0.0966834598117138,0.1004744502850051,0.1052587358090287,0.1019471246679709,0.03043471362400064,0.07981107826608574,0.11736450949992742,0.0827258270669278
M397-6_v1,397,True,6,7,"(69, 7503)",F,0.03656306982869698,0.0094195366380997,0.06397096923738,0.102733720372998,0.0845617412003664,0.0645995940529481,0.0423271643560991,0.0397678536400327,0.0514772998584321,0.0435282710549691,0.0615282932166926,0.0587815191667339,0.0844272933617391,0.0758241093080694,0.082851590651154,0.1529178221542803,0.1832311160012882,0.1639938529892597,0.3182009353388146,0.4749535039079422,0.6953159593556424,0.05607880547667143,0.0211418574980917,0.0747008053952923,0.0523952806497,0.053279492944568,0.0568750100882664,0.0334018832721168,0.0430302693601762,0.0509522476182307,0.0579536550447047,0.0695047038070104,0.0519407903147549,0.0513955171363425,0.0616804725563268,0.0640003149165238,0.0743995072917555,0.1059980163573956,0.0852316093527944,0.0701137250444104,0.0580260510718738,0.0578655401486494,0.032348378207918735,0.1038437422598585,0.04760882046691828,0.0663340593234043
M410-6_v1,410,True,6,9,"(99, 7428)",M,0.02923216178536173,0.004147657698031,0.0314631672352697,0.1448013218274958,0.0792231412217621,0.0646281938250516,0.0638126757989513,0.0851323107711162,0.094299431230019,0.0721170092950051,0.0904871183379097,0.0877252083847776,0.0832014003190289,0.102763150368781,0.159852082893216,0.1988506359569742,0.2044173318474711,0.2731257611330753,0.2879302552288764,0.6723437365801199,0.4158765689820459,0.15517942206691726,0.1301681138939134,0.3405512083046143,0.1626673334147857,0.1083107279899313,0.0735951450460825,0.1199204218841263,0.1349423958908474,0.1582213357665001,0.1187679965758063,0.1581075014199761,0.1126431216780157,0.2407558033644973,0.1623404342951408,0.1594505827504224,0.0973987909360142,0.0984948253619293,0.1271603188449986,0.1316625401344187,0.2007888288966926,0.1403873199034032,0.02419471963663801,0.14650510030093217,0.1602638199108817,0.14375982418507618
M410-8_v1,410,True,8,9,"(102, 7532)",M,0.03928966051153482,0.0059218880728472,0.0383330234487618,0.0732670927176278,0.0819198975821917,0.1078364214489106,0.0960572351599045,0.0882470089231187,0.0519902070766365,0.0745035407743093,0.0786598889302056,0.0864076908135292,0.0789055780336277,0.0922412511008771,0.1344552073441287,0.1135915098107048,0.1941826771611493,0.2964517310464791,0.3565345532764711,0.2524425961074589,0.4258102007272197,0.07513364664271036,0.0776168506335719,0.1689945824298865,0.1845967488709511,0.1108949020612249,0.0350309230403601,0.0611769892557243,0.0437279518428475,0.0532836692650325,0.045991195561448,0.0430064727066728,0.0419283051911304,0.047731084719425,0.0618245669135455,0.0457194130887161,0.0511158877714572,0.0412978530025727,0.0400431186180402,0.0270090655185695,0.0324366674069516,0.0394001983707016,0.03221166203740234,0.1339801818443312,0.0892694195499051,0.04132241608615606
M410-10_v1,410,True,10,9,"(71, 7137)",M,0.037393752336403394,0.0029248345489013,0.0632706027676979,0.1497442044552002,0.1064163501472159,0.1108102911026526,0.0871202643985449,0.0671060406522613,0.0620110987310472,0.0397276088543981,0.0877105409326553,0.0751658567127202,0.1183332057886759,0.1230671040833051,0.1280181949911237,0.1779162933979863,0.2488144286323019,0.2460287269960823,0.2998072219175509,0.3766075122621852,0.8299046743426735,0.13501012856809103,0.2223688250143938,0.2768750650436032,0.140877930402339,0.1307121329223071,0.1054987435201583,0.0982092095878761,0.0907233902481226,0.1216909416076658,0.1127444749808496,0.1172854129031572,0.1094012870076911,0.1267717306058871,0.1390975850179639,0.12874226709039,0.0911332650014141,0.1146188447251359,0.1104873297259481,0.0628089110588938,0.1212383292035328,0.0744564396113931,0.0311511953190989,0.15330394380469264,0.16769825619571166,0.10674365821400653
M412-8_v1,412,True,8,9,"(135, 7515)",F,0.03253866053958857,0.0106627421187224,0.0202162367206811,0.0328440510460163,0.0335571606295321,0.0290964310958787,0.0547718619771925,0.0729175664514343,0.1011243712485238,0.1265204777795942,0.1519828099371269,0.1186045973013605,0.0862629702085681,0.0835055602992405,0.1335631911660681,0.1252270423213723,0.1378106083253625,0.1147690494751732,0.2881524741857579,0.2394902568830312,0.4079121450040928,0.04587144526878584,0.1775217186966888,0.045659669630295,0.0328746512488577,0.0294258099665015,0.0373462813382012,0.038256448557109,0.0552531743585799,0.0637800918613498,0.0391311892472346,0.0635873815744249,0.080794713179181,0.0666159015700919,0.0668798615008773,0.0460237945579822,0.1013064510374048,0.065608729407726,0.0608543572624601,0.0999104577294195,0.0761559471147544,0.0944294718543544,0.02745776871177527,0.10376221678977049,0.04199187917603217,0.07221848164800246
M412-10_v1,412,True,10,9,"(101, 7163)",F,0.017774624634750352,0.0067484649149671,0.0263011326440153,0.090411473365388,0.1080601437805097,0.0648158789961148,0.0813289987622019,0.0532997809739662,0.0651353758320411,0.0740398657780676,0.069882601707956,0.0755428018962404,0.1059773069439647,0.0709095220310372,0.0880013766761858,0.1332000414181127,0.1868044070629847,0.1278880047485616,0.1956672870096704,0.3434224414244406,0.4214494904927778,0.02900879287512988,0.0306853165528914,0.0532979041558523,0.0341071207567855,0.0300046318634361,0.046241682385231,0.0306084395873859,0.0229080307634574,0.0274502693886525,0.0230163195523442,0.0219894526629922,0.0231364710424597,0.0287180074361454,0.0169830202781593,0.0328150796832658,0.0199258238446795,0.015478237601952,0.0153755556321333,0.0139758704211101,0.0194763928192412,0.0124157220096642,0.015354846416918413,0.10550662723640761,0.03862273631969385,0.018749795136138975
M415-6_v1,415,True,6,9,"(131, 7585)",F,0.04745128309276984,0.0436831566171651,0.0373301617439344,0.1003301699137645,0.0737447381816283,0.086761181285305,0.0284397604594592,0.0291525139233677,0.0341946709123988,0.0465042077350084,0.0584281021719574,0.0613178692356903,0.1153153620337172,0.1352853967829695,0.1617093726680906,0.1118694540537513,0.1682150613393043,0.2128793616806005,0.1779938415345397,0.2785365600048717,0.2793238728345033,0.0725075173494603,0.0277024605575664,0.0390471855907835,0.0701438281373043,0.0403139439902467,0.0248992750041246,0.0813118695145857,0.0466780933836968,0.0981404825491184,0.0957188404763791,0.0568865035485696,0.0694038401079386,0.0330302643978899,0.058265764006879,0.0312755787779183,0.0793399720232424,0.0376418590404885,0.1300391531181768,0.125896917089805,0.1251063941002661,0.0752656074480166,0.046208654595022394,0.1344179862940859,0.06734718207616777,0.05909884281908197
M415-8_v1,415,True,8,9,"(62, 7420)",F,0.03840113267643606,0.0096894807919503,0.121076343824163,0.1491161539330999,0.1616692429834579,0.1003430117507082,0.031150588486957,0.0381487098036009,0.0629090749240213,0.0417415958253129,0.0471338028659657,0.0616883912015697,0.0959356505380961,0.0796882766308705,0.1079054860090612,0.1026132162356583,0.1320986957871167,0.2354970108325693,0.3540094198447556,0.3086482565177488,0.5029933425171558,0.11680077296716655,0.0814867466447854,0.1549940153448738,0.2420910501865498,0.1554492279629521,0.0370267947785766,0.0593342993168649,0.081566013596438,0.080947490353733,0.069275755100295,0.1037752486703664,0.1699176317984409,0.1537098895317135,0.0942014642251714,0.08038726831772,0.079693691322792,0.103468407731909,0.1130522934797262,0.1303957905788319,0.0838177455553966,0.1137466211247107,0.035916579597889776,0.10722608986393706,0.1265529640741341,0.1045166126894377
